# Drifts
# name - length - apertureX - apertureY
cr01dr01 4.0 0.09 0.09
cr01dr2k 4.0 0.09 0.075
cr01dr02 1.0 0.09 0.09
cr01dr03 2.625 0.09 0.09
cr01dr04 1.25 0.09 0.09
cr01dr05 1.3 0.2 0.09
cr01dr06 0.6 0.2 0.09
cr01dr07 1.1 0.2 0.09
cr01dr08 0.3 0.2 0.09
cr01dr09 1.65 0.2 0.09
cr01dr10 0.3 0.2 0.09
cr01dr11 0.95 0.2 0.09
cr01dr12 0.5 0.2 0.09
cr01dr13 0.3 0.2 0.09
cr01dr14 1.10 0.2 0.09
cr01dr15 1.5 0.2 0.09
cr01dr16 0.3 0.2 0.09
cr01dr17 2.7 0.2 0.09
cr01dr18 0.5 0.2 0.09
cr01dr19 0.3 0.2 0.09
cr01dr20 1.1 0.2 0.09
cr01dr21 1.2 0.2 0.09
cr01dr22 0.3 0.2 0.09
cr02dr22 0.3 0.2 0.09
cr02dr21 1.2 0.2 0.09
cr02dr20 1.1 0.2 0.09
cr02dr19 0.3 0.2 0.09
cr02dr18 0.5 0.2 0.09
cr02dr17 2.7 0.2 0.09
cr02dr16 0.3 0.2 0.09
cr02dr15 1.5 0.2 0.09
cr02dr14 1.1 0.2 0.09
cr02dr13 0.3 0.2 0.09
cr02dr12 0.5 0.2 0.09
cr02dr11 0.95 0.2 0.09
cr02dr10 0.3 0.2 0.09
cr02dr09 1.65 0.2 0.09
cr02dr08 0.3 0.2 0.09
cr02dr07 1.1 0.2 0.09
cr02dr06 0.6 0.2 0.09
cr02dr05 1.3 0.2 0.09
cr02dr04 1.25 0.09 0.09
cr02dr03 2.625 0.09 0.09
cr02dr02 5.25 0.09 0.09
cr02dr01 0.7 0.09 0.09
cr02dr1r 3.4 0.075 0.075
cr02dr1a 0.4 0.09 0.09
cr03dr01 1.1 0.09 0.09
cr03dr1r 2.3 0.075 0.075
cr03dr1a 1.1 0.09 0.09
cr03dr02 2.25 0.09 0.09
cr03dr2s 2.0 0.08 0.08
cr03dr2a 1.0 0.09 0.09
cr03dr03 0.375 0.09 0.09
cr03dr3s 4.0 0.08 0.08
cr03dr3a 0.5 0.09 0.09
cr03dr04 1.25 0.09 0.09
cr03dr05 1.3 0.2 0.09
cr03dr06 0.6 0.2 0.09
cr03dr07 1.1 0.2 0.09
cr03dr08 0.3 0.2 0.09
cr03dr09 1.65 0.2 0.09
cr03dr10 0.3 0.2 0.09
cr03dr11 0.95 0.2 0.09
cr03dr12 0.5 0.2 0.09
cr03dr13 0.3 0.2 0.09
cr03dr14 1.10 0.2 0.09
cr03dr15 1.5 0.2 0.09
cr03dr16 0.3 0.2 0.09
cr03dr17 0.7 0.2 0.09
cr3dr17s 2.0 0.2 0.066
cr03dr18 0.5 0.2 0.09
cr03dr19 0.3 0.2 0.09
cr03dr20 1.1 0.2 0.09
cr03dr21 1.2 0.2 0.09
cr03dr22 0.3 0.2 0.09
cr04dr22 0.3 0.2 0.09
cr04dr21 1.2 0.2 0.09
cr04dr20 1.1 0.2 0.09
cr04dr19 0.3 0.2 0.09
cr04dr18 0.5 0.2 0.09
cr04dr17 2.7 0.2 0.09
cr04dr16 0.3 0.2 0.09
cr04dr15 1.5 0.2 0.09
cr04dr14 1.1 0.2 0.09
cr04dr13 0.3 0.2 0.09
cr04dr12 0.5 0.2 0.09
cr04dr11 0.95 0.2 0.09
cr04dr10 0.3 0.2 0.09
cr04dr09 1.65 0.2 0.09
cr04dr08 0.3 0.2 0.09
cr04dr07 1.1 0.2 0.09
cr04dr06 0.6 0.2 0.09
cr04dr05 1.3 0.2 0.09
cr04dr04 1.25 0.09 0.09
cr04dr03 0.375 0.09 0.09
cr04dr3s 4.0 0.07 0.07
cr04dr3a 0.5 0.09 0.09
cr04dr02 5.0 0.09 0.09
cr04dr01 2.0 0.09 0.09
cr04dr1k 2.0 0.09 0.075
