# Quadrupoles
# name - length - force - apertureX - apertureY
cr01qs01 0.5 0.14151 0.2 0.09
cr01qs02 0.5 -0.15089 0.2 0.09
cr01qs03 0.25 0.30334 0.09 0.09
cr01qs04 0.25 -0.34613 0.09 0.09
cr01qs05 0.5 0.23664 0.2 0.09
cr01qs06 0.5 -0.25121 0.2 0.09
cr01qs07 0.5 0.30937 0.2 0.09
cr01qs08 0.35 -0.26862 0.2 0.09
cr01qs09 0.35 0.26039 0.2 0.09
cr01qs10 0.35 -0.31315 0.2 0.09
cr01qs11 0.5 0.26900 0.2 0.09
cr02qs10 0.35 -0.31315 0.2 0.09
cr02qs09 0.35 0.26039 0.2 0.09
cr02qs08 0.35 -0.26862 0.2 0.09
cr02qs07 0.5 0.30937 0.2 0.09
cr02qs06 0.5 -0.25121 0.2 0.09
cr02qs05 0.5 0.23664 0.2 0.09
cr02qs04 0.25 -0.34613 0.09 0.09
cr02qs03 0.25 0.30334 0.09 0.09
cr02qs02 0.25 -0.29326 0.09 0.09
cr02qs01 0.25 0.27253 0.09 0.09
cr03qs02 0.25 -0.29326 0.09 0.09
cr03qs03 0.25 0.30334 0.09 0.09
cr03qs04 0.25 -0.34613 0.09 0.09
cr03qs05 0.5 0.23664 0.2 0.09
cr03qs06 0.5 -0.25121 0.2 0.09
cr03qs07 0.5 0.30937 0.2 0.09
cr03qs08 0.35 -0.26862 0.2 0.09
cr03qs09 0.35 0.26039 0.2 0.09
cr03qs10 0.35 -0.31315 0.2 0.09
cr03qs11 0.5 0.26900 0.2 0.09
cr04qs10 0.35 -0.31315 0.2 0.09
cr04qs09 0.35 0.26039 0.2 0.09
cr04qs08 0.35 -0.26862 0.2 0.09
cr04qs07 0.5 0.30937 0.2 0.09
cr04qs06 0.5 -0.25121 0.2 0.09
cr04qs05 0.5 0.23664 0.2 0.09
cr04qs04 0.25 -0.34613 0.09 0.09
cr04qs03 0.25 0.30334 0.09 0.09
cr04qs02 0.5 -0.15089 0.2 0.09
