# Sextupoles
# name - length - force - apertureX - apertureY
cr01ks1 0.25 -0.28000 0.2 0.09
cr01ks2 0.25 0.20000 0.2 0.09   
cr01ks3 0.25 -0.12000 0.2 0.09
cr01ks4 0.25 0.21000 0.2 0.09   
cr01ks5 0.25 -0.25000 0.2 0.09
cr01ks6 0.25 0.10000 0.2 0.09   
cr02ks6 0.25 0.10000 0.2 0.09   
cr02ks5 0.25 -0.25000 0.2 0.09
cr02ks4 0.25 0.21000 0.2 0.09   
cr02ks3 0.25 -0.12000 0.2 0.09
cr02ks2 0.25 0.20000 0.2 0.09   
cr02ks1 0.25 -0.28000 0.2 0.09
cr03ks1 0.25 -0.28000 0.2 0.09
cr03ks2 0.25 0.20000 0.2 0.09   
cr03ks3 0.25 -0.12000 0.2 0.09
cr03ks4 0.25 0.21000 0.2 0.09   
cr03ks5 0.25 -0.25000 0.2 0.09
cr03ks6 0.25 0.10000 0.2 0.09   
cr04ks6 0.25 0.10000 0.2 0.09   
cr04ks5 0.25 -0.25000 0.2 0.09
cr04ks4 0.25 0.21000 0.2 0.09   
cr04ks3 0.25 -0.12000 0.2 0.09
cr04ks2 0.25 0.20000 0.2 0.09   
cr04ks1 0.25 -0.28000 0.2 0.09
